300 723
496 74
369 338 87 62
870 179 88 1
284 708 59 58
30 677 32 16
122 387 48 97
958 319 64 42
88 570 70 67
673 856 75 67
939 681 29 95
460 826 7 75
239 91 25 32
376 484 18 74
811 739 54 44
403 175 75 88
842 459 89 46
792 132 58 2
815 302 43 30
555 427 95 79
299 431 9 92
368 732 64 62
299 488 84 40
769 730 83 40
328 429 23 45
760 676 13 87
661 943 46 91
909 270 68 35
444 210 53 6
592 713 89 27
983 639 7 59
782 637 8 58
739 378 55 27
287 357 96 51
684 786 64 51
961 966 94 93
296 309 93 53
87 778 80 89
929 844 86 95
204 194 31 62
777 678 92 15
769 254 36 44
137 633 3 92
969 236 85 54
47 183 82 29
99 385 28 67
951 709 14 28
835 477 92 14
434 760 57 94
301 289 24 49
282 684 27 43
425 302 64 41
982 442 58 47
748 203 10 88
241 996 96 86
609 542 46 28
943 31 24 80
217 771 87 76
43 601 48 85
436 673 86 51
843 931 9 12
270 428 69 36
233 668 72 55
71 333 49 24
836 683 24 79
994 65 27 11
974 594 90 58
795 932 4 84
271 821 22 70
766 703 31 11
264 334 85 77
812 951 40 73
824 468 17 12
985 790 66 97
703 362 16 80
742 212 10 36
560 894 47 52
829 779 44 29
149 2 68 43
218 338 72 43
543 484 87 51
473 943 41 63
280 377 76 44
679 750 3 24
911 894 98 32
592 589 20 1
528 789 55 48
265 536 82 28
348 423 52 46
877 799 80 20
346 784 61 6
458 568 34 28
560 661 86 49
454 408 5 28
353 356 41 29
12 876 73 47
116 563 17 9
243 440 37 20
748 632 99 62
76 623 6 2
754 993 38 22
42 233 6 44
590 572 1 61
929 30 63 90
941 76 51 26
550 263 92 21
989 348 17 90
789 943 91 65
741 526 43 3
75 227 34 34
651 986 1 41
664 153 70 94
13 583 89 85
290 631 53 90
721 632 28 87
218 412 74 62
722 19 77 61
877 170 6 92
500 443 48 77
196 151 47 80
175 654 76 38
285 884 50 82
780 961 69 99
201 460 4 91
12 714 4 69
623 966 31 47
120 684 95 43
55 589 95 92
337 78 17 12
179 50 7 98
691 318 4 1
974 109 79 24
168 743 23 39
436 813 2 25
363 559 96 44
110 534 38 78
9 204 44 90
800 730 63 51
567 384 34 25
538 259 48 95
879 81 61 91
597 62 5 14
583 747 73 79
235 768 21 1
426 240 84 89
604 896 51 28
498 688 21 71
897 219 42 9
395 213 39 98
664 356 25 65
428 634 25 25
123 770 93 76
184 973 41 60
881 284 44 53
516 722 40 98
738 111 38 68
660 478 77 45
757 521 15 85
287 577 64 61
27 152 65 13
103 226 47 5
556 257 52 97
533 975 9 49
25 709 30 15
646 926 74 47
419 637 47 79
614 920 34 99
574 88 66 60
969 442 5 95
74 247 79 9
721 772 77 29
812 832 13 38
535 196 2 66
824 349 46 85
251 600 58 35
453 813 88 10
842 664 7 27
233 449 80 9
43 842 84 19
243 878 85 58
441 826 59 67
687 968 8 80
797 716 28 97
655 314 23 58
764 263 53 51
108 412 92 5
489 191 91 38
809 468 93 25
510 183 87 44
309 649 69 18
656 170 60 58
770 510 59 29
916 261 27 33
45 197 67 29
58 936 23 92
619 776 71 39
19 891 35 34
182 902 4 75
330 302 48 33
450 663 49 37
650 470 78 3
617 126 85 96
440 225 99 28
36 731 90 76
886 960 38 80
668 712 10 14
22 750 68 55
19 187 90 38
859 858 12 90
969 909 71 12
594 208 44 99
373 407 27 72
909 613 30 73
167 638 7 47
121 471 45 26
124 570 35 47
68 777 22 48
286 447 36 57
914 981 29 83
251 491 21 8
117 756 99 95
542 949 63 16
366 897 77 42
389 596 83 8
961 427 70 8
44 319 18 39
73 575 75 33
768 270 88 81
895 889 77 84
733 899 24 59
499 320 68 63
454 725 87 90
538 180 90 66
197 76 19 45
17 267 82 32
452 333 47 45
727 658 56 5
581 561 55 93
807 480 78 25
693 276 73 40
954 836 33 44
22 124 35 16
314 457 3 41
657 990 43 62
910 472 33 80
980 46 2 9
477 339 91 43
61 609 60 79
973 934 15 26
902 73 59 54
334 133 17 93
973 492 70 23
560 239 53 65
975 540 27 62
274 410 3 81
389 295 59 49
798 695 22 48
481 861 63 94
195 642 70 83
899 168 78 57
936 511 14 44
917 174 86 34
729 173 10 8
778 594 2 24
74 854 12 87
309 142 54 97
253 234 61 38
736 695 10 63
444 782 94 72
580 827 33 84
635 933 31 9
8 366 68 96
814 121 56 90
726 779 57 71
708 433 44 37
17 249 22 48
882 549 55 25
220 592 99 2
790 798 43 32
202 188 91 27
720 302 83 22
660 865 61 73
657 869 12 38
176 669 25 68
462 144 30 18
623 200 91 68
616 514 66 51
156 900 69 89
207 678 74 5
459 714 6 33
116 589 10 70
842 269 35 82
198 6 58 86
714 274 74 90
634 587 54 19
554 393 94 80
738 122 37 37
338 864 30 12
737 532 74 67
589 894 83 75
343 490 85 77
897 951 26 21
984 760 76 12
528 637 22 67
354 273 64 10
714 979 65 86
946 507 67 6
872 585 92 31
342 412 53 6
125 824 66 79
568 957 1 42
63 588 51 85
47 304 24 5
556 199 11 66
886 984 40 1
636 975 53 66
918 465 65 29
25 871 22 8
133 996 78 89
750 229 39 95
542 994 54 94
880 220 65 57
813 634 39 37
440 2 90 20
163 849 23 88
490 818 2 1
977 215 90 7
176 595 76 8
566 593 37 86
613 920 54 83
345 837 17 74
181 813 81 42
536 298 66 15
66 960 45 21
183 295 65 41
340 5 14 37
158 760 10 94
970 972 18 8
710 749 45 66
991 929 44 82
834 574 7 61
897 941 54 10
807 106 66 52
832 39 97 37
856 206 24 39
60 613 42 47
136 614 29 72
950 524 6 69
394 709 70 10
587 230 47 72
806 332 91 86
739 713 82 26
827 774 24 6
653 561 95 17
301 778 95 33
459 505 84 23
53 920 13 90
90 928 53 82
837 83 66 93
21 390 50 63
551 87 28 45
89 41 88 35
598 142 65 78
434 834 69 64
52 60 26 11
370 387 96 4
281 535 16 71
114 899 42 30
83 440 55 34
23 738 1 59
113 629 83 54
520 431 10 78
746 960 58 10
136 585 39 5
735 482 56 42
697 734 19 53
505 459 58 85
727 630 97 14
231 515 54 12
515 798 72 10
595 296 82 11
979 919 70 28
291 917 59 28
192 758 62 53
55 798 98 23
356 981 53 4
127 968 47 94
774 138 44 77
90 930 19 87
300 3 17 11
56 337 67 14
971 739 83 92
186 144 91 60
901 250 23 19
373 7 90 60
209 363 50 81
905 3 62 57
39 532 56 84
3 478 40 8
463 349 54 44
440 833 29 16
881 565 88 63
354 441 29 87
159 832 42 97
465 796 48 48
53 241 12 36
713 585 43 14
414 134 78 75
271 964 40 40
412 856 19 89
654 800 48 66
124 513 33 25
350 186 71 73
301 13 93 66
795 211 44 18
405 644 98 13
190 562 95 98
756 33 18 96
896 346 70 7
522 598 52 3
990 513 87 36
596 458 65 74
234 650 77 97
883 385 77 72
329 744 80 21
275 686 32 58
860 974 3 15
160 635 30 96
729 871 75 88
196 925 65 10
37 262 48 13
194 569 23 86
523 753 15 18
49 880 51 80
506 887 72 78
33 617 40 39
364 318 39 58
396 355 61 90
438 965 4 17
201 191 21 87
413 568 48 43
907 574 39 50
515 769 30 16
244 860 51 89
677 822 36 26
571 954 54 47
903 747 20 79
817 919 33 31
227 650 11 5
180 539 73 26
633 571 45 88
388 34 1 91
91 86 50 57
141 126 75 36
543 200 90 65
782 530 56 88
431 57 41 13
431 111 87 81
735 805 90 42
537 502 30 12
187 792 78 66
19 441 9 17
257 676 93 32
503 414 52 95
452 219 98 52
11 451 59 72
832 846 32 55
814 641 13 10
263 65 16 95
454 885 38 75
831 25 15 47
222 333 1 2
318 387 36 15
858 140 17 90
691 909 16 70
160 489 65 86
518 530 63 37
114 254 41 9
24 232 67 84
907 759 25 15
335 706 25 4
228 317 8 61
79 119 32 39
246 535 46 89
384 313 89 66
74 461 63 37
133 991 23 58
581 944 97 97
278 659 37 30
312 80 84 22
312 624 12 30
244 506 75 35
220 229 67 96
6 465 91 82
419 170 27 65
877 498 26 62
22 986 98 43
585 863 66 35